----POSITIONS----
-1.000000 -1.000000 1.000000
1.000000 -1.000000 1.000000
-1.000000 1.000000 1.000000
1.000000 1.000000 1.000000
-1.000000 1.000000 1.000000
1.000000 1.000000 1.000000
-1.000000 1.000000 -1.000000
1.000000 1.000000 -1.000000
-1.000000 1.000000 -1.000000
1.000000 1.000000 -1.000000
-1.000000 -1.000000 -1.000000
1.000000 -1.000000 -1.000000
-1.000000 -1.000000 -1.000000
1.000000 -1.000000 -1.000000
-1.000000 -1.000000 1.000000
1.000000 -1.000000 1.000000
1.000000 -1.000000 1.000000
1.000000 -1.000000 -1.000000
1.000000 1.000000 1.000000
1.000000 1.000000 -1.000000
-1.000000 -1.000000 -1.000000
-1.000000 -1.000000 1.000000
-1.000000 1.000000 -1.000000
-1.000000 1.000000 1.000000
----NORMALS----
0.000000 0.000000 1.000000
0.000000 0.000000 1.000000
0.000000 0.000000 1.000000
0.000000 0.000000 1.000000
0.000000 1.000000 0.000000
0.000000 1.000000 0.000000
0.000000 1.000000 0.000000
0.000000 1.000000 0.000000
0.000000 0.000000 -1.000000
0.000000 0.000000 -1.000000
0.000000 0.000000 -1.000000
0.000000 0.000000 -1.000000
0.000000 -1.000000 0.000000
0.000000 -1.000000 0.000000
0.000000 -1.000000 0.000000
0.000000 -1.000000 0.000000
1.000000 0.000000 0.000000
1.000000 0.000000 0.000000
1.000000 0.000000 0.000000
1.000000 0.000000 0.000000
-1.000000 0.000000 0.000000
-1.000000 0.000000 0.000000
-1.000000 0.000000 0.000000
-1.000000 0.000000 0.000000
----TEXCOORDS----
0.000000 0.000000
1.000000 0.000000
0.000000 1.000000
1.000000 1.000000
0.000000 0.000000
1.000000 0.000000
0.000000 1.000000
1.000000 1.000000
1.000000 1.000000
0.000000 1.000000
1.000000 0.000000
0.000000 0.000000
0.000000 0.000000
1.000000 0.000000
0.000000 1.000000
1.000000 1.000000
0.000000 0.000000
1.000000 0.000000
0.000000 1.000000
1.000000 1.000000
0.000000 0.000000
1.000000 0.000000
0.000000 1.000000
1.000000 1.000000
----INDICES----
0
1
2
2
1
3
4
5
6
6
5
7
8
9
10
10
9
11
12
13
14
14
13
15
16
17
18
18
17
19
20
21
22
22
21
23
